a,b,c,d,e,f,g,h,i,j
0,8,9,8,9,2,5,10,6,7
8,0,12,1,12,10,10,13,2,1
9,12,0,11,1,11,8,1,11,12
8,1,11,0,11,9,10,12,2,1
9,12,1,11,0,11,9,1,11,12
2,10,11,9,11,0,6,12,8,9
5,10,8,10,9,6,0,9,8,9
10,13,1,12,1,12,9,0,11,12
6,2,11,2,11,8,8,11,0,1
7,1,12,1,12,9,9,12,1,0
